base_marker:
  position:
    x: 1.224
    y: 0.695
    z: 0.0
camera_pose:
  position:
    x: 1.206367993227422
    y: 0.6625052924473359
    z: 1.538269992974266
  orientation:
    x: -0.999915490317098
    y: -0.010078865037745133
    z: -0.0077528232938918395
    w: -0.0027059997121155325
