base_marker:
  position:
    x: 1.337
    y: 0.795
    z: 0.0
camera_pose:
  position:
    x: 1.3780028925380503
    y: 0.792091808261839
    z: 2.3401994095801473
  orientation:
    x: -0.9990420550880822
    y: -0.009079964096453778
    z: -0.027692692304151296
    w: 0.03264416043239742
