base_marker:
  position:
    x: 1.337
    y: 0.795
    z: 0.0
camera_pose:
  position:
    x: 1.4949591089199874
    y: 0.6576009656893216
    z: 2.336104887050517
  orientation:
    x: -0.9992243551021552
    y: -0.007068308250111274
    z: 0.00010683646478300568
    w: 0.03873907297720535
